62.00 74.00
41.00 46.00

56999.00 40567.00 35559.00 56683.00 40947.00 46013.00 51271.00 50790.00 50521.00 49337.00 32745.00 49098.00 49949.00 45466.00 52601.00 31969.00
55025.00 37195.00 39710.00 55812.00 42287.00 47013.00 48510.00 51470.00 48437.00 54562.00 39112.00 44049.00 47592.00 45148.00 56749.00 37963.00
46987.00 32072.00 24392.00 39544.00 23651.00 35707.00 36347.00 37640.00 39564.00 40925.00 29994.00 38676.00 47243.00 36159.00 41392.00 27915.00
34080.00 20369.00 24099.00 30494.00 18749.00 26097.00 30662.00 26950.00 25216.00 31424.00 24972.00 28141.00 31322.00 29769.00 28671.00 24455.00
42767.00 30723.00 32263.00 41748.00 21368.00 33505.00 42211.00 37125.00 35376.00 38665.00 33620.00 48223.00 38757.00 41288.00 42374.00 26218.00
51601.00 32507.00 34410.00 47937.00 24998.00 43024.00 46661.00 41143.00 37931.00 45958.00 36943.00 49689.00 46367.00 44190.00 49371.00 31150.00
56291.00 35977.00 39475.00 51698.00 34309.00 45748.00 50545.00 47114.00 42681.00 45856.00 35861.00 50600.00 49487.00 50956.00 45889.00 36731.00
43163.00 33916.00 31950.00 39663.00 33885.00 40082.00 36735.00 43371.00 37926.00 40293.00 31409.00 33313.00 43072.00 33664.00 50591.00 32498.00
55043.00 39378.00 32619.00 55809.00 35580.00 41201.00 51230.00 48569.00 51053.00 50639.00 38218.00 49698.00 54182.00 45903.00 45549.00 37084.00
38706.00 27424.00 21061.00 35574.00 24459.00 34986.00 34775.00 32794.00 35013.00 37018.00 25663.00 30980.00 34707.00 29153.00 40424.00 22266.00
52508.00 32233.00 27123.00 48952.00 32645.00 40772.00 47420.00 41384.00 42881.00 44356.00 34812.00 47916.00 44063.00 37512.00 44294.00 27024.00
37554.00 32080.00 32170.00 43735.00 31198.00 37863.00 37102.00 42155.00 35038.00 37238.00 30587.00 46014.00 39315.00 36599.00 45322.00 28886.00
53600.00 39234.00 38092.00 46348.00 37093.00 45990.00 41282.00 46374.00 41897.00 41124.00 32474.00 42140.00 43623.00 45282.00 54866.00 33407.00
51512.00 33569.00 32928.00 52204.00 34455.00 46566.00 45143.00 44771.00 42353.00 45930.00 34793.00 46454.00 47237.00 46512.00 40568.00 33763.00
46783.00 38762.00 30661.00 41375.00 31971.00 41626.00 41666.00 44527.00 47171.00 42202.00 28245.00 38800.00 55165.00 46268.00 45027.00 33417.00
36968.00 25998.00 26521.00 36393.00 30583.00 34735.00 31503.00 35119.00 30154.00 32983.00 24655.00 28920.00 31681.00 29431.00 36871.00 26455.00
