Run 1:
         8          0.000002265
        16          0.000002255
        32          0.000002330
        64          0.000002357
       128          0.000002978
       256          0.000003062
       512          0.000003145
      1024          0.000003112
      2048          0.000003273
      4096          0.000003449
      8192          0.000003943
     16384          0.000004484
     32768          0.000007839
     65536          0.000009682
    131072          0.000012981
    262144          0.000019434
    524288          0.000030239
   1048576          0.000050650
   2097152          0.000093418
   4194304          0.000180205
   8388608          0.000356281
  16777216          0.000704244
  33554432          0.001403782
  67108864          0.002825419
 134217728          0.005653107
 268435456          0.011303325
 536870912          0.022593075
1073741824          0.045181319

Run 2:
         8          0.000002274
        16          0.000002262
        32          0.000002308
        64          0.000002345
       128          0.000002953
       256          0.000003096
       512          0.000003154
      1024          0.000003245
      2048          0.000003258
      4096          0.000003430
      8192          0.000003799
     16384          0.000004422
     32768          0.000008188
     65536          0.000010232
    131072          0.000014280
    262144          0.000022215
    524288          0.000029963
   1048576          0.000050346
   2097152          0.000093319
   4194304          0.000181799
   8388608          0.000354417
  16777216          0.000704325
  33554432          0.001403719
  67108864          0.002823416
 134217728          0.005652452
 268435456          0.011298867
 536870912          0.022593363
1073741824          0.045192215

Run 3:
         8          0.000002609
        16          0.000002603
        32          0.000002318
        64          0.000002389
       128          0.000002978
       256          0.000003151
       512          0.000003182
      1024          0.000003327
      2048          0.000003259
      4096          0.000003384
      8192          0.000003796
     16384          0.000004361
     32768          0.000007792
     65536          0.000009136
    131072          0.000011943
    262144          0.000017310
    524288          0.000028280
   1048576          0.000049928
   2097152          0.000094712
   4194304          0.000183972
   8388608          0.000354383
  16777216          0.000703873
  33554432          0.001403237
  67108864          0.002816244
 134217728          0.005621261
 268435456          0.011235358
 536870912          0.022463127
1073741824          0.044930629

Run 4:
         8          0.000002269
        16          0.000002269
        32          0.000002259
        64          0.000002265
       128          0.000003210
       256          0.000003055
       512          0.000003109
      1024          0.000003111
      2048          0.000003185
      4096          0.000003349
      8192          0.000003859
     16384          0.000004485
     32768          0.000007793
     65536          0.000009741
    131072          0.000012903
    262144          0.000019544
    524288          0.000029792
   1048576          0.000050349
   2097152          0.000093312
   4194304          0.000185945
   8388608          0.000354340
  16777216          0.000704178
  33554432          0.001404096
  67108864          0.002823884
 134217728          0.005650595
 268435456          0.011299119
 536870912          0.022589688
1073741824          0.045181854

Run 5:
         8          0.000002331
        16          0.000002497
        32          0.000002296
        64          0.000002276
       128          0.000002933
       256          0.000003075
       512          0.000003082
      1024          0.000003111
      2048          0.000003199
      4096          0.000003409
      8192          0.000003797
     16384          0.000004325
     32768          0.000007909
     65536          0.000009566
    131072          0.000012722
    262144          0.000018978
    524288          0.000029967
   1048576          0.000050210
   2097152          0.000093646
   4194304          0.000183865
   8388608          0.000354464
  16777216          0.000704132
  33554432          0.001403778
  67108864          0.002823977
 134217728          0.005653386
 268435456          0.011300062
 536870912          0.022593101
1073741824          0.045180926

Run 6:
         8          0.000002334
        16          0.000002260
        32          0.000002257
        64          0.000002273
       128          0.000002900
       256          0.000003067
       512          0.000003109
      1024          0.000003218
      2048          0.000003215
      4096          0.000003367
      8192          0.000003862
     16384          0.000004373
     32768          0.000007887
     65536          0.000009597
    131072          0.000013081
    262144          0.000019377
    524288          0.000030388
   1048576          0.000050839
   2097152          0.000098324
   4194304          0.000181663
   8388608          0.000354302
  16777216          0.000703994
  33554432          0.001403997
  67108864          0.002823711
 134217728          0.005650909
 268435456          0.011303613
 536870912          0.022596204
1073741824          0.045179069

Run 7:
         8          0.000002279
        16          0.000002277
        32          0.000002277
        64          0.000002265
       128          0.000002916
       256          0.000003097
       512          0.000003299
      1024          0.000003194
      2048          0.000003299
      4096          0.000003377
      8192          0.000003777
     16384          0.000004480
     32768          0.000008124
     65536          0.000010285
    131072          0.000014297
    262144          0.000022262
    524288          0.000029493
   1048576          0.000050447
   2097152          0.000093264
   4194304          0.000180247
   8388608          0.000354506
  16777216          0.000704060
  33554432          0.001403743
  67108864          0.002824584
 134217728          0.005654147
 268435456          0.011299893
 536870912          0.022597249
1073741824          0.045172666

Run 8:
         8          0.000002412
        16          0.000002386
        32          0.000002324
        64          0.000002494
       128          0.000003102
       256          0.000003282
       512          0.000003261
      1024          0.000003516
      2048          0.000003407
      4096          0.000003552
      8192          0.000003940
     16384          0.000004492
     32768          0.000007789
     65536          0.000009230
    131072          0.000011967
    262144          0.000017475
    524288          0.000028469
   1048576          0.000049979
   2097152          0.000093363
   4194304          0.000180214
   8388608          0.000354429
  16777216          0.000703833
  33554432          0.001403192
  67108864          0.002814800
 134217728          0.005621181
 268435456          0.011234717
 536870912          0.022462910
1073741824          0.044930078

Run 9:
         8          0.000002306
        16          0.000002303
        32          0.000002253
        64          0.000002253
       128          0.000002867
       256          0.000003234
       512          0.000003143
      1024          0.000003149
      2048          0.000003216
      4096          0.000003434
      8192          0.000003855
     16384          0.000004685
     32768          0.000008078
     65536          0.000009699
    131072          0.000012877
    262144          0.000019223
    524288          0.000029656
   1048576          0.000050779
   2097152          0.000093489
   4194304          0.000185341
   8388608          0.000354548
  16777216          0.000704120
  33554432          0.001403899
  67108864          0.002826955
 134217728          0.005652253
 268435456          0.011299958
 536870912          0.022592963
1073741824          0.045176787

Run 10:
         8          0.000002388
        16          0.000002380
        32          0.000002313
        64          0.000002302
       128          0.000002962
       256          0.000003149
       512          0.000003192
      1024          0.000003594
      2048          0.000003233
      4096          0.000003365
      8192          0.000003849
     16384          0.000004485
     32768          0.000007788
     65536          0.000009225
    131072          0.000011942
    262144          0.000017430
    524288          0.000028255
   1048576          0.000049966
   2097152          0.000093324
   4194304          0.000181872
   8388608          0.000354264
  16777216          0.000703950
  33554432          0.001403057
  67108864          0.002814851
 134217728          0.005621377
 268435456          0.011235600
 536870912          0.022463333
1073741824          0.044926487

Run 11:
         8          0.000002262
        16          0.000002277
        32          0.000002270
        64          0.000002301
       128          0.000002967
       256          0.000003093
       512          0.000003132
      1024          0.000003184
      2048          0.000003232
      4096          0.000003366
      8192          0.000003907
     16384          0.000004376
     32768          0.000008284
     65536          0.000010129
    131072          0.000014398
    262144          0.000022687
    524288          0.000030191
   1048576          0.000050490
   2097152          0.000093303
   4194304          0.000180150
   8388608          0.000354422
  16777216          0.000703966
  33554432          0.001403761
  67108864          0.002824012
 134217728          0.005653955
 268435456          0.011300065
 536870912          0.022592535
1073741824          0.045179888

Run 12:
         8          0.000002488
        16          0.000002376
        32          0.000002354
        64          0.000002333
       128          0.000002965
       256          0.000003238
       512          0.000003222
      1024          0.000003409
      2048          0.000003601
      4096          0.000003453
      8192          0.000003902
     16384          0.000004704
     32768          0.000007819
     65536          0.000009248
    131072          0.000011969
    262144          0.000017517
    524288          0.000028367
   1048576          0.000050026
   2097152          0.000097966
   4194304          0.000180278
   8388608          0.000354518
  16777216          0.000704026
  33554432          0.001403153
  67108864          0.002814766
 134217728          0.005621428
 268435456          0.011234634
 536870912          0.022462721
1073741824          0.044928854

Run 13:
         8          0.000002256
        16          0.000002263
        32          0.000002255
        64          0.000002346
       128          0.000005693
       256          0.000003089
       512          0.000003125
      1024          0.000003207
      2048          0.000003223
      4096          0.000003367
      8192          0.000003778
     16384          0.000004334
     32768          0.000008177
     65536          0.000010333
    131072          0.000014435
    262144          0.000022186
    524288          0.000030211
   1048576          0.000050604
   2097152          0.000094523
   4194304          0.000180140
   8388608          0.000354396
  16777216          0.000704135
  33554432          0.001403708
  67108864          0.002825211
 134217728          0.005653088
 268435456          0.011305322
 536870912          0.022598000
1073741824          0.045170383

Run 14:
         8          0.000002412
        16          0.000002414
        32          0.000002328
        64          0.000004958
       128          0.000002972
       256          0.000003224
       512          0.000003242
      1024          0.000003423
      2048          0.000003539
      4096          0.000003598
      8192          0.000003935
     16384          0.000004375
     32768          0.000007788
     65536          0.000009199
    131072          0.000011990
    262144          0.000017488
    524288          0.000028319
   1048576          0.000051533
   2097152          0.000093366
   4194304          0.000181569
   8388608          0.000355976
  16777216          0.000703898
  33554432          0.001403248
  67108864          0.002815218
 134217728          0.005620886
 268435456          0.011235308
 536870912          0.022463491
1073741824          0.044935128

Run 15:
         8          0.000002398
        16          0.000004938
        32          0.000002325
        64          0.000002339
       128          0.000002949
       256          0.000003210
       512          0.000003237
      1024          0.000003437
      2048          0.000003461
      4096          0.000003552
      8192          0.000003860
     16384          0.000004449
     32768          0.000007818
     65536          0.000009118
    131072          0.000011879
    262144          0.000017394
    524288          0.000028297
   1048576          0.000051579
   2097152          0.000093252
   4194304          0.000181684
   8388608          0.000354389
  16777216          0.000703955
  33554432          0.001403222
  67108864          0.002814719
 134217728          0.005621318
 268435456          0.011235269
 536870912          0.022464127
1073741824          0.044931787